노선,건수(1통행)_일반,건수(1통행)_청소년,건수(1통행)_어린이,건수(2통행)_일반,건수(2통행)_청소년,건수(2통행)_어린이,건수(3통행)_일반,건수(3통행)_청소년,건수(3통행)_어린이,교통카드건수합계
1,12095,491,81,3913,106,7,680,11,2,17386
10,1984026,258794,35896,546399,40963,2629,104367,5176,208,2978458
100,1015168,65535,9020,214414,8789,657,39055,914,114,1353666
100-1,1404565,114532,15368,354817,16858,1136,61886,2505,120,1971787
1000,458221,15678,2768,119987,3772,301,14218,325,38,615308
1001,1830269,85313,8330,514829,24235,1252,42820,1876,131,2509055
1002,1064433,58059,4160,334668,17452,755,45295,1474,40,1526336
1003,1675163,69115,10680,330746,11973,786,32339,999,65,2131866
1004,818974,28200,2219,262548,9864,567,20632,623,63,1143690
1005,151755,2992,593,52280,916,109,10940,174,28,219787
1006,193731,17343,1578,58677,4358,212,5036,303,33,281271
1008,769910,108052,7246,198638,15320,631,30561,1916,128,1132402
1009,224381,15118,2160,47633,1710,127,7915,314,18,299376
101,1918507,128902,26820,512328,20567,1855,90262,2133,154,2701528
1010,808947,72700,6970,215412,14398,684,27844,1513,60,1148528
1011,546238,43945,4224,228532,12894,699,14321,802,44,851699
103,2038508,215998,33423,553398,29351,2655,101890,2284,225,2977732
105,552069,27519,3516,206982,10276,590,32018,911,88,833969
107,1215453,156743,29122,346793,33187,1383,54286,2755,139,1839861
108,1589682,133338,31038,462179,22532,2002,67706,2013,177,2310667
11,1802349,183704,32718,443125,24664,2458,71134,1885,156,2562193
110,1343515,63742,14187,330141,12976,754,48972,1039,71,1815397
110-1,2977755,229717,29577,1029372,51994,2616,137022,3775,206,4462034
111,2111555,173453,26529,442829,20998,2246,72090,2310,189,2852199
111-1,1129391,104575,13400,356919,18932,1418,52214,2183,105,1679137
113,3528170,304469,57628,927261,41705,4332,149478,3807,268,5017118
115,340555,33483,5842,108693,5876,522,23603,649,40,519263
115-1,3296839,396823,58430,691789,38188,2704,101178,3682,314,4589947
121,545537,43098,6810,111814,5004,461,19126,579,48,732477
123,1405336,71511,9682,395379,13760,958,50452,1090,73,1948241
124,644150,34073,4997,175178,5872,462,29680,538,56,895006
125,126004,8091,1942,57814,2220,166,9951,162,26,206376
126,3673707,327234,45494,1276876,62986,4243,147904,4238,269,5542951
127,794581,51440,6033,205823,7344,415,37610,1047,84,1104377
128-1,1950037,183884,21043,529151,23140,1508,120699,4859,201,2834522
129-1,2089768,134406,14424,612707,24474,1550,82670,2104,159,2962262
131,1451637,151928,26401,324473,14631,1337,55101,1458,129,2027095
133,2782877,181946,36384,764251,34721,3449,128984,3519,311,3936442
134,1477033,84764,19867,448810,22022,3469,87119,2095,278,2145457
138,2189760,181270,31541,587507,26747,1840,96849,2229,215,3117958
138-1,1300540,91391,14267,320490,12825,1277,51235,1406,138,1793569
139,410186,33749,6275,68726,2995,356,24208,1022,88,547605
141,2265188,143812,17490,598414,22993,1715,88086,2110,179,3139987
144,1095574,79700,9145,306998,13629,914,44534,1331,98,1551923
148,2704811,134972,24251,754192,23241,1807,99189,1693,173,3744329
148-1,940020,68281,17916,219799,7789,947,38720,1132,117,1294721
15,4426636,358162,57051,1188554,50609,4002,162164,4586,239,6252003
155,3862927,372047,49421,1123688,66783,4031,204941,7306,395,5691539
16,3405742,494514,96578,927839,69256,5629,145002,6061,353,5150974
160,1977073,177794,17773,592588,41717,2015,90675,3694,223,2903552
161,2105864,261809,38015,716088,41088,2916,99730,3863,214,3269587
167,1686351,118277,15631,563566,22365,1931,91516,1804,284,2501725
168,1572054,141025,19520,444271,20795,1474,72235,2630,157,2274161
169,3349674,372519,63252,961087,55027,5548,154919,8095,559,4970680
169-1,2659147,406182,58084,692174,46652,3180,112341,4481,321,3982562
17,2850557,197912,37754,761238,42342,3273,124368,4314,290,4022048
179,3208409,283886,42420,832682,42353,3060,129788,3994,214,4546806
180,117234,4953,928,20440,813,197,9684,518,30,154797
181,1073181,127661,23815,196845,10657,969,59938,2149,158,1495373
182,488268,66829,7958,94027,4701,448,22765,1114,50,686160
183,1021255,77276,9969,319328,18822,1158,50415,2310,98,1500631
184,80398,7394,1567,21376,420,64,5269,84,12,116584
185,118749,5690,1488,35183,1202,190,10269,543,63,173377
186,956215,54828,16551,249831,14094,1364,48008,1172,118,1342181
187,105732,11781,1976,33484,1636,163,10995,394,10,166171
188,346647,62586,9117,72531,3695,413,22869,1428,50,519336
189,1934764,210981,26802,592453,37795,2416,100287,4781,402,2910681
189-1,1397508,81524,17931,435295,20954,1559,84634,3520,162,2043087
190,1178755,111628,22977,374964,22239,2041,88252,2997,151,1804004
2,1940433,250518,43863,519170,31648,2880,88616,2940,168,2880236
20,2752426,246826,25451,749842,38140,2892,105243,3643,279,3924742
200,2311681,180944,26898,752589,34319,3165,105552,3010,311,3418469
210,1471061,144331,21714,499489,29153,1873,92519,3982,224,2264346
22,1211339,148631,19699,303222,20738,1264,61686,2865,159,1769603
221,70904,4084,280,29579,1742,67,5619,204,15,112494
23,2691151,194384,33872,813253,41611,2827,121954,3705,233,3902990
24,3030180,292153,38622,614156,31483,2558,108840,3453,250,4121695
26,1454030,50884,14481,426750,12673,1171,68415,1001,126,2029531
27,2354727,152128,19573,668550,27814,1760,100152,2505,203,3327412
29,2710847,285518,41424,688033,33688,3277,120761,3330,234,3887112
3,1277226,179958,30244,347360,26638,2048,65551,3720,201,1932946
30,2082853,65750,22474,548259,13505,1743,115190,1611,180,2851565
300,388976,30708,4655,121018,6158,325,17479,705,29,570053
301,115555,35285,2511,29318,3753,88,6429,824,20,193783
302,238801,49268,6015,35967,2146,222,7361,250,30,340060
307,855815,53029,8050,243203,9678,697,34579,936,76,1206063
31,4098977,257284,33370,1332074,51555,3900,150518,3958,321,5931957
33,4193995,230090,42491,1245614,48213,4251,173295,4493,364,5942806
Jan-33,307477,15822,4002,85769,3708,371,15172,488,39,432848
338,2371819,175429,33260,679257,35201,2906,97724,4508,259,3400363
36,711618,69231,14365,206767,10721,885,52947,2627,110,1069271
37,545455,70508,12630,144707,5916,552,38770,1112,147,819797
38,717264,69972,13451,155252,6225,623,37370,1110,86,1001353
39,2048530,165598,19632,474480,19317,1319,76444,2185,157,2807662
40,2104459,177878,23623,542680,33120,1759,85982,3020,217,2972738
41,2364077,150047,20550,685037,28039,1518,74957,1876,121,3326222
42,2103321,130501,14661,543346,22836,1442,77080,2143,184,2895514
43,2169110,133538,30833,694994,35459,2463,121388,4283,273,3192341
44,2604363,247209,41074,772312,37269,3791,129878,3681,353,3839930
46,760223,84246,14855,244358,18207,1355,44853,2307,131,1170535
49,2409751,296118,39705,626490,29694,1989,101188,2900,291,3508126
05월 01일,1488830,92616,13760,380478,15899,911,65015,1641,85,2059235
50,1233939,109707,16694,320854,16525,1189,60136,1560,111,1760715
506,517673,38678,4997,161728,8533,416,30027,1055,57,763164
508,1276079,122645,17342,450920,34385,1874,92289,6382,241,2002157
51,3589753,342246,53869,867335,44230,4016,115706,3771,460,5021386
52,2583419,167666,20990,743203,35958,1926,125480,4578,156,3683376
520,146244,13579,773,49500,3221,126,10904,373,12,224732
54,3011947,209383,37565,1055109,56085,4326,191073,6567,423,4572478
55,202609,14845,1684,49006,3194,218,11206,370,28,283160
555,816,12,1,338,5,0,188,1,1,1362
57,2230473,149401,23172,491689,17316,1498,93116,1897,208,3008770
58,102586,2089,572,34661,1085,80,10024,199,5,151301
Jan-58,281580,15329,1717,76050,4973,136,17207,732,12,397736
Feb-58,1384528,155272,24649,412672,34102,1679,80894,4331,183,2098310
583,289831,20980,7222,39790,799,96,9812,265,15,368810
59,1020761,55533,10170,312149,9567,1107,51111,1095,94,1461587
6,1889277,147962,23681,519496,26639,2158,102417,4433,201,2716264
61,2013618,110885,21444,690342,30123,2287,84981,2124,156,2955960
62,2740354,178545,21980,764104,34412,2263,107191,3589,250,3852688
63,2470124,260592,37256,571438,28179,2219,98371,3151,225,3471555
66,475656,25111,5785,158206,5236,425,30370,771,65,701625
67,3456164,346771,60503,1048204,51141,4046,175012,5084,364,5147289
68,4275326,256416,48249,1432412,57480,4359,163477,4217,367,6242303
7,936993,83985,15699,267653,12573,708,70495,2684,138,1390928
70,733581,100903,17247,156116,10259,838,40722,1684,97,1061447
71,971496,71743,12650,296594,15935,1016,77658,3862,180,1451134
73,68251,3711,720,15561,326,44,5635,134,10,94392
77,1596084,96019,17986,479882,19363,1697,66403,1519,177,2279130
8,2665931,129725,26033,846299,26139,2875,123250,2168,281,3822701
80,2957463,330762,62736,643627,32172,2506,112086,4041,236,4145629
81,3695034,188952,49015,1084172,38701,4177,155400,3112,362,5218925
82,1962870,148375,23934,657401,45057,2207,112336,5585,255,2958020
83,1613090,93195,12392,502502,15292,1263,66949,1355,155,2306193
Jan-83,736688,49826,8788,200735,7616,789,35079,874,89,1040484
85,999744,91795,15277,333761,20406,1160,60511,2885,121,1525660
86,2266062,139381,34984,530119,31348,2689,102228,3026,198,3110035
87,3809939,154343,45260,1209537,44105,4845,185077,3978,384,5457468
88(A),703215,31899,7504,194714,5507,626,37379,710,75,981629
88-1A,1156996,27924,7597,442174,13503,1653,99417,1385,145,1750794
9,634172,51246,6127,188003,10002,385,50889,1907,68,942799
90,228084,2506,1327,92375,995,283,34417,217,130,360334
96,2917936,294253,65743,767743,39344,4501,137654,3290,269,4230733
Jan-96,274370,29121,6865,63078,3781,514,12657,614,64,391064
99,3085944,130821,16072,947973,29601,1886,137409,3155,176,4353037
203(산성),359087,13972,2875,134803,7251,734,38014,1032,87,557855
강서12출,78591,3689,186,26944,408,21,6335,64,4,116242
강서17정거,687,14,0,185,4,1,45,0,0,936
강서1정거,35,0,0,0,0,0,0,0,0,35
강서5중리2,52,0,1,23,0,0,1,0,0,77
강서7-2출,55054,2469,303,21992,306,39,2973,49,3,83188
강서구1,43794,1952,315,1270,6,1,333,3,1,47675
강서구11,41000,1783,266,14001,198,10,3319,90,3,60670
강서구12,158279,6741,1424,48544,3015,267,9302,393,27,227992
강서구13,343177,15911,1308,133447,4336,268,22674,692,35,521848
강서구14,19762,679,113,6429,289,16,1377,58,1,28724
강서구15,114981,2321,477,44937,1258,266,11312,686,11,176249
강서구15-1,2662,38,5,1012,12,3,358,4,0,4094
강서구16,15934,105,11,3900,10,0,1505,1,1,21467
강서구17,22220,802,118,6501,192,10,1565,35,5,31448
강서구19,133576,12878,3002,34764,930,103,11074,142,46,196515
강서구2,20912,524,48,5028,300,6,1413,25,0,28256
강서구20,399255,31898,3611,156039,13474,517,30614,1836,58,637302
강서구21,119132,11928,1653,39718,3109,133,8619,539,25,184856
강서구3,7754,241,68,2612,67,7,881,10,2,11642
강서구5,74133,4455,522,31499,883,40,6702,64,8,118306
강서구7,55460,1196,86,16262,487,24,4694,61,2,78272
강서구7-2,75246,2802,504,27833,500,66,3973,82,10,111016
강서구9,23310,342,92,8270,145,8,2855,21,1,35044
강서구9-1,338072,8860,1999,98192,3081,177,26615,721,29,477746
강서구9-2,85530,5215,619,32120,2283,104,7138,353,14,133376
금정구1,622637,48233,16243,172649,8482,603,29983,1122,74,900026
금정구2-1,140416,4722,2410,49657,1745,223,17294,232,48,216747
금정구2-2,140194,4021,2026,41234,1348,225,9539,180,19,198786
금정구2-2(주말),17730,208,147,9255,91,43,3137,37,16,30664
금정구3,149316,12979,1637,69902,4851,153,16715,1239,10,256802
금정구3-1,94268,6894,503,21246,2943,107,8866,968,127,135922
금정구5,192031,4785,916,57928,2196,153,22450,630,26,281115
금정구5-1,77513,2661,263,29873,1575,66,14125,583,3,126662
금정구6,1009786,113175,15596,323458,36420,1611,65011,7444,175,1572676
금정구7,392656,13794,617,390980,10156,344,146578,4216,48,959389
기장2상곡,20838,334,28,1475,64,4,685,11,0,23439
기장2통합,7089,197,19,552,71,2,163,14,0,8107
기장2학리,11354,803,90,897,158,2,449,29,1,13783
기장3서생,216827,16067,1710,39518,1313,160,14311,577,29,290512
기장3월내,6885,850,15,1685,99,1,586,31,2,10154
기장8-1내,16739,1382,142,4257,85,2,1209,40,0,23856
기장8-1내덕,162,10,0,41,0,0,8,1,0,222
기장8-1월내,7124,358,51,1411,58,3,456,19,1,9481
기장8-1판곡,87,2,0,14,0,0,7,0,0,110
기장8정관,481150,113570,22806,56173,3147,359,21019,1239,86,699549
기장9개천,2305,185,28,523,5,0,110,0,0,3156
기장9대명,6533,256,32,1627,43,0,491,14,5,9001
기장9용대용,182,17,1,42,1,1,5,0,0,249
기장9용소,3794,458,44,656,20,3,235,3,1,5214
기장9용왕,62759,4856,387,14616,445,95,4157,155,12,87482
기장9용월,77,1,2,13,1,1,3,0,0,98
기장9월내,15269,568,70,3254,44,3,930,16,3,20157
기장9월명월1,54,9,3,3,0,0,4,0,0,73
기장9월용,126,13,3,15,0,0,5,0,0,162
기장군1(석산),9624,535,35,1141,5,0,473,6,0,11819
기장군1(우신),61,6,0,2,0,0,1,0,0,70
기장군1(중리),2387,68,29,252,0,0,87,4,0,2827
기장군10(신명),16584,285,53,2685,77,1,664,6,0,20355
기장군11,352770,34828,4605,100381,6574,435,25573,2378,57,527601
기장군2-3,44876,1345,646,12999,368,72,3539,61,8,63914
기장군2-3기장,3,0,0,0,0,0,0,0,0,3
기장군5(월평),11344,3051,1016,1998,85,18,400,12,2,17926
기장군6,97796,6766,805,13243,349,46,5545,171,22,124743
기장군6(등하교),2,1,0,0,0,0,0,0,0,3
기장군7(병산),256,10,7,209,2,0,17,0,0,501
기장군7(예림),4022,665,305,593,14,2,161,9,0,5771
기장군8(정관)출,3398,844,48,218,12,0,90,4,0,4614
남구1,838602,110608,26563,280679,23034,1400,56176,3163,104,1340329
남구10,497027,76197,12713,119415,12005,863,24661,942,106,743929
남구2,1045679,171731,18837,255690,20736,1388,56531,1885,131,1572608
남구3,505598,31108,15190,158705,9481,938,35378,2186,81,758665
남구5,122521,3947,5233,39974,1072,640,8362,141,42,181932
남구6,626990,61779,20273,207278,14253,1430,66712,2891,138,1001744
남구8,197955,13617,3842,35758,1488,508,10690,315,35,264208
남구9,376349,44767,5302,147105,11010,720,35300,2325,51,622929
동구1,199528,4595,7866,61048,1938,534,16432,227,43,292211
동구1-1,362485,5820,5942,78560,1891,410,17125,193,56,472482
동구2,532207,20699,18435,184843,11059,1312,43383,1050,159,813147
동래구1,176445,21052,3794,41959,2455,329,10396,318,50,256798
동래구1-1,17503,205,174,5315,94,31,1524,25,9,24880
동래구10,49443,9447,1266,18287,835,91,4483,149,16,84017
동래구2,213066,57644,10314,53063,4248,354,9141,951,75,348856
동래구3,283114,29206,9475,83042,4058,343,12819,519,22,422598
동래구5,653098,63001,25462,239354,13452,1118,48358,2335,160,1046338
동래구6,305786,25015,4079,83063,4315,443,15461,900,32,439094
동래구6-1,328617,51507,5385,85855,7341,589,15563,931,27,495815
동래구7,399235,64385,7824,96647,6937,416,19967,826,46,596283
동래구7-1,28581,3599,707,8035,526,38,1585,65,8,43144
동래구8,435051,58324,10724,140208,6610,866,30816,851,52,683502
부산진8등,9,1,0,5,0,0,2,0,0,17
부산진구1,227936,7005,5266,77655,2739,442,15939,429,62,337473
부산진구10,383806,5487,5381,222023,3221,1016,65962,568,185,687649
부산진구10-1,435085,31205,9917,180356,8175,653,37196,1017,83,703687
부산진구11,127227,22183,6006,24827,3301,270,5108,122,27,189071
부산진구12,65805,12598,1116,11696,1979,45,2537,338,11,96125
부산진구12-1,95323,16624,3299,19455,1681,77,3992,175,12,140638
부산진구13,170343,3870,1920,45133,824,187,11021,173,24,233495
부산진구15,485578,30184,11295,152585,7983,985,64702,1300,145,754757
부산진구17,380732,40278,8531,142330,5278,982,30418,571,70,609190
부산진구2,695983,28749,42033,236431,11699,1296,44608,760,173,1061732
부산진구6,140539,10708,219,47587,4002,19,19398,1722,2,224196
부산진구6-1,529251,34692,222,374835,26621,199,139440,8855,6,1114121
부산진구7,125719,15650,254,69333,23375,137,27050,8077,16,269611
부산진구8,106502,31813,328,78518,40441,198,21976,10355,15,290146
부산진구9,621443,55377,10657,218592,14787,511,61915,3332,77,986691
북구1-1,734398,114163,18750,237159,25639,1721,42540,2089,190,1176649
북구2,264663,8900,6425,67151,2228,215,14087,232,31,363932
북구3,885771,92618,19766,228698,11704,703,36737,1010,44,1277051
북구6,782689,48982,16333,258790,21357,1385,42101,2034,133,1173804
북구7,384217,37620,8513,138633,8496,744,22381,1182,115,601901
북구7-2,68134,11439,1409,12278,1003,44,2994,129,9,97439
북구8,156935,7253,4208,80127,3533,554,22722,605,48,275985
북구8-1,162039,6219,2147,38746,1975,133,9183,293,23,220758
북구8-2,164543,11473,9025,85812,4480,391,25281,1164,211,302380
북구9,303131,52694,10285,161279,12072,1247,35029,2008,175,577920
사상구1-1,326936,35051,47507,93566,6422,1385,25861,721,92,537541
사상구2,215433,21051,6432,166524,10537,870,45734,1409,72,468062
사상구2-1,120547,7272,2976,86167,4884,438,20211,562,54,243111
사상구3,290542,25770,7321,186718,19617,1574,44856,2262,158,578818
사상구3-1,72664,6984,1358,44524,5766,379,10511,389,14,142589
사상구5,68765,4941,122,57736,8728,325,24547,1243,5,166412
사상구5-1,114080,7974,120,148928,14402,215,65963,5213,8,356903
사상구5-2,49413,3169,50,78094,6462,54,33988,3174,10,174414
사상구6,1620136,139273,30951,440919,29380,2632,91252,3006,259,2357808
사상구7,433077,10409,3857,126707,2805,370,36270,325,30,613850
사상구8,117991,11154,4250,24884,1843,162,6797,197,23,167301
사상구8-1,85709,6015,2515,28320,1055,151,8985,296,19,133065
사하구1,305310,29845,11253,92575,4263,838,20524,716,61,465385
사하구1-1,506724,33625,12112,131776,5216,945,28966,896,103,720363
사하구10,188416,12810,38,116013,5382,8,46529,2312,1,371509
사하구14,519450,39583,18949,195523,13055,1490,56034,1657,144,845885
사하구15,619713,84245,14824,177825,10456,992,44557,1877,103,954592
사하구2,303204,38792,18609,96748,7250,804,24413,765,82,490667
사하구2-1,326280,47524,33144,177104,20309,1719,36414,1869,141,644504
사하구3,144602,12666,10226,79306,10452,1326,23177,2816,125,284696
사하구3-1,48885,1378,278,19411,555,24,8365,106,7,79009
사하구5,357018,23958,5493,98627,4966,406,22028,731,53,513280
사하구6,380018,22355,17925,97950,7325,1455,25891,920,132,553971
사하구8,422853,32188,7717,120913,6948,737,28901,892,53,621202
사하구9,284360,25982,10254,143171,28019,3253,37260,3120,169,535588
서2-2출퇴,224145,5277,5211,61575,1697,360,14059,218,30,312572
서구1,322142,16026,12454,99302,3880,664,25889,1522,86,481965
서구2,283596,12119,6630,91880,4403,694,17639,618,91,417670
서구2-2,100517,2372,2928,26466,637,123,5956,104,8,139111
서구3,74720,6205,1696,27519,1050,129,5259,71,8,116657
서구3-1,164762,14041,3901,51359,2585,538,10196,192,19,247593
서구5,231586,4941,1971,75055,5085,618,24128,524,105,344013
수영구2,859156,102971,46780,220791,16511,1858,49074,1822,300,1299263
연제구1,151731,7201,4350,52140,2635,763,9090,226,44,228180
연제구2,321416,24783,16290,95661,5491,1008,22015,490,74,487228
연제구3,250969,46489,11055,125300,21237,1313,25190,3721,53,485327
연제구6,101332,11099,2860,36256,10096,299,10191,3705,19,175857
연제구7,376122,33653,6348,110995,6703,791,25577,827,99,561115
영도구1,166422,9006,11451,36721,1276,176,13971,281,25,239329
영도구2,171111,5122,2427,29288,547,196,10664,63,15,219433
영도구5,878657,116619,22885,194770,11601,1255,62593,1204,230,1289814
영도구7,69458,3430,6130,26539,472,104,11383,104,11,117631
중구1,656113,51169,17797,193545,14346,1174,51340,1395,85,986964
해운대10,100738,3395,1112,28034,880,96,7402,213,14,141884
해운대2,437963,15078,5566,114671,4009,440,30019,837,28,608611
해운대3B코,4,3,0,0,0,0,0,0,0,7
해운대7_낮,791,23,3,204,6,0,43,0,0,1070
해운대구3,171589,7651,4259,55820,2973,216,17959,418,34,260919
해운대구3-1,439665,37103,14675,158849,13168,553,43810,1370,33,709226
해운대구3-2,167388,25533,4631,56321,3255,177,15289,171,12,272777
해운대구7,197971,7151,2554,49580,1510,208,13036,338,36,272384
해운대구8,34822,1151,343,8534,282,33,2342,45,10,47562
해운대구9,56965,1698,346,11996,312,36,3554,88,1,74996
